每幅图像的标定误差：
第1幅图像的平均误差：0.539958像素
第2幅图像的平均误差：0.453166像素
第3幅图像的平均误差：0.62813像素
总体平均误差：0.540418像素

相机内参数矩阵：
[10494.14648730224, 0, 2276.545279477376;
  0, 10588.78849345028, 1543.138721764276;
  0, 0, 1]

畸变系数：
[2.783005879362656, -132.8615029373909, -0.008331941548586627, 0.00782546700057667, 2021.383598016828]


第1幅图像的旋转向量：
[315.488099297397;
  -206.5423607137273;
  2589.827583999618]
第1幅图像的旋转矩阵：
[-0.9533799427634527, 0.1671021294136733, 0.2512838297260127;
  -0.2048170887819446, -0.969838722083213, -0.1321469382577196;
  0.2216227535232896, -0.17745346289497, 0.9588501570252462]
第1幅图像的平移向量：
[-0.006059783955716246;
  3.080093725508752;
  0.04156503941391311]

第2幅图像的旋转向量：
[288.5983442114724;
  -210.8196791724552;
  2550.226649813929]
第2幅图像的旋转矩阵：
[0.5809336151382785, 0.8059214555746488, 0.1140471053854946;
  -0.8137090341450208, 0.5784476664581453, 0.05723552148712966;
  -0.01984294718906392, -0.1260511983821091, 0.9918252632562281]
第2幅图像的平移向量：
[-0.01236906040629553;
  -3.076229040353565;
  -0.06993512714621268]

第3幅图像的旋转向量：
[334.0538735245673;
  -216.5092448934745;
  2565.968919699438]
第3幅图像的旋转矩阵：
[-0.1185681159704732, -0.9910081443173993, 0.06200370772620518;
  0.9666074830365006, -0.1294847448578521, -0.2211417522471451;
  0.2271818118007099, 0.03371288693780492, 0.9732686502920273]
第3幅图像的平移向量：
[-0.01941553111560252;
  -3.142813454493106;
  -0.03660189369230904]


