#0
[1, 0, 0;
  0, 1, 0;
  0, 0, 1]
#1
[0.97287011, 0.0038643067, 0.18290758;
  -5.2375475e-005, 0.98410147, 0.0042913561;
  -0.14133929, -0.00022475675, 0.97342855]
#2
[0.88072556, 0.032146841, 0.42190909;
  -0.0098193418, 0.9557609, -0.02268857;
  -0.33084601, 0.016853385, 0.8829115]


********** result **********
#0
[1, 0, 0;
  0, 1, 0;
  0, 0, 1]
#1
[0.98778135, 0.0019484904, 0.15583387;
  -0.0024337566, 0.99999279, 0.0029232609;
  -0.15582705, -0.0032668044, 0.98777896]
#2
[0.929057, 0.023330746, 0.36920023;
  -0.018296357, 0.99968582, -0.017131783;
  -0.36948392, 0.0091613829, 0.92919195]
#0
[1, 0, 0;
  0, 1, 0;
  0, 0, 1]
#1
[0.96972615, 0.0053846352, 0.18324193;
  0.005716667, 0.98446083, -0.024919095;
  -0.15032528, 0.023926923, 0.97094017]
#2
[0.89134711, -0.0014058454, 0.41971368;
  0.025056699, 0.95925206, -0.032977372;
  -0.32427263, 0.028261557, 0.8844862]


********** result **********
#0
[1, 0, 0;
  0, 1, 0;
  0, 0, 1]
#1
[0.98772711, 0.0060492456, 0.15607223;
  -0.0026260584, 0.99975163, -0.02213023;
  -0.15616733, 0.021448774, 0.98749769]
#2
[0.9337517, 0.0056939847, 0.35787618;
  0.0083033498, 0.99925977, -0.037563372;
  -0.35782516, 0.038046435, 0.9330132]
