#0
[1, 0, 0;
  0, 1, 0;
  0, 0, 1]
#1
[0.97157711, 0.0037562954, 0.17997681;
  0.00027244128, 0.98371243, 0.0041220863;
  -0.14856198, -0.005929362, 0.97245795]
#2
[0.87973011, 0.02700958, 0.41508582;
  -0.010435445, 0.95547622, -0.022721151;
  -0.34462851, 0.00097251625, 0.88006473]


********** result **********
#0
[1, 0, 0;
  0, 1, 0;
  0, 0, 1]
#1
[0.98751658, 0.0029114056, 0.15748805;
  -0.0036826783, 0.9999826, 0.004605752;
  -0.1574719, -0.0051282342, 0.98751014]
#2
[0.92518467, 0.024705905, 0.37871218;
  -0.021334536, 0.9996866, -0.013096429;
  -0.37891707, 0.0040369672, 0.92542183]
#0
[1, 0, 0;
  0, 1, 0;
  0, 0, 1]
#1
[0.97113508, 0.0068767425, 0.17988198;
  0.0048762728, 0.98460627, -0.024670385;
  -0.14360011, 0.020971466, 0.97283]
#2
[0.88515985, -0.0022374203, 0.40868011;
  0.024287751, 0.95792043, -0.032680523;
  -0.33390132, 0.026112683, 0.88614559]


********** result **********
#0
[1, 0, 0;
  0, 1, 0;
  0, 0, 1]
#1
[0.98795319, 0.0066843177, 0.15460861;
  -0.0025509109, 0.99963439, -0.026917603;
  -0.154732, 0.026198938, 0.98760903]
#2
[0.93253666, 0.0066042398, 0.36101496;
  0.0073384093, 0.99927956, -0.037236176;
  -0.36100078, 0.037373375, 0.93181634]
