#0
[1, 0, 0;
  0, 1, 0;
  0, 0, 1]
#1
[0.97157711, 0.0037562954, 0.17997681;
  0.00027244128, 0.98371243, 0.0041220863;
  -0.14856198, -0.005929362, 0.97245795]
#2
[0.87973011, 0.02700958, 0.41508582;
  -0.010435445, 0.95547622, -0.022721151;
  -0.34462851, 0.00097251625, 0.88006473]


********** result **********
#0
[1, 0, 0;
  0, 1, 0;
  0, 0, 1]
#1
[0.98751658, 0.0029114056, 0.15748805;
  -0.0036826783, 0.9999826, 0.004605752;
  -0.1574719, -0.0051282342, 0.98751014]
#2
[0.92518467, 0.024705905, 0.37871218;
  -0.021334536, 0.9996866, -0.013096429;
  -0.37891707, 0.0040369672, 0.92542183]
#0
[1, 0, 0;
  0, 1, 0;
  0, 0, 1]
#1
[0.97205162, 0.0064340322, 0.18024875;
  0.0058417292, 0.98474294, -0.024406282;
  -0.14244033, 0.018636541, 0.97308028]
#2
[0.88594848, -0.0026757647, 0.40925723;
  0.025152316, 0.95804495, -0.032194834;
  -0.33288628, 0.02383016, 0.88669223]


********** result **********
#0
[1, 0, 0;
  0, 1, 0;
  0, 0, 1]
#1
[0.98799407, 0.0063383374, 0.15436177;
  -0.0037150963, 0.99984384, -0.017276652;
  -0.15444717, 0.016495761, 0.9878633]
#2
[0.93272305, 0.0060802698, 0.36054239;
  0.0042621405, 0.99960208, -0.027883677;
  -0.36056846, 0.02754443, 0.93232596]
